11100100000100000001000000000000
00000000000000000000000000000000
00000000000000000000000000000000
00000000000000000000000000000000
11100100000100000010000000000100
00000000000000000000000000000000
00000000000000000000000000000000
00000000000000000000000000000000
11100000100000010011000000000010
00000000000000000000000000000000
00000000000000000000000000000000
00000000000000000000000000000000
11100000010000010100000000000010
00000000000000000000000000000000
00000000000000000000000000000000
00000000000000000000000000000000
11100001101000000101000010100011
00000000000000000000000000000000
00000000000000000000000000000000
00000000000000000000000000000000
11100001010100010101000000000000